-54
56
3
86
-345
-5
76
-1345
54
7563
-2
2
354
-54
56
3
86
-345
-5
76
-1345
54
7563
-2
2
354
5
76
83
6
-254
-562
525
57
42
5
654
-546
-54
56
3
86
-345
-5
76
-1345
54
7563
-2
2
354
5
76
83
6
-254
-562
525
57
42
5
654
-546
-54
56
3
86
-345
-5
76
-1345
54
7563
-2
2
354
5
76
83
6
-254
-562
525
57
42
5
654
-546
-54
56
3
86
-345
-5
76
-1345
54
7563
-2
2
354
5
76
83
6
-254
-562
525
57
42
5
654
-546
-54
56
3
86
-345
-5
76
-1345
54
5
76
83
6
-254
-562
525
57
42
5
654
-546
-54
56
3
86
-345
-5
76
-1345
54
7563
-2
2
354
5
76
83
6
-254
-562
525
57
42
5
654
-546
5
76
83
6
-254
-562
525
57
42
5
654
-546
7563
-2
2
354
5
76
83
6
-254
-562
525
57
42
5
654
-546
-54
56
3
5
76
83
6
-254
-562
525
57
42
5
654
-546
-54
56
3
86
-345
-5
76
-1345
54
7563
-2
2
354
5
76
83
6
-254
-562
525
57
42
5
654
-546
5
76
83
6
-254
-562
525
57
42
5
654
-546
86
-345
-5
76
-1345
54
7563
-2
2
354
